def getInput():
    distance_matrix = [
        [0, 81, 72, 55, 81, 3],
        [81, 0, 3, 44, 9, 40],
        [72, 3, 0, 87, 72, 21],
        [55, 44, 87, 0, 67, 25],
        [81, 9, 77, 67, 0, 93],
        [3, 40, 21, 25, 93, 0]
    ]
    cost_matrix = [
        [0, 82, 14, 14, 43, 47],
        [82, 0, 61, 76, 29, 47],
        [14, 61, 0, 29, 31, 51],
        [14, 76, 29, 0, 78, 67],
        [43, 29, 31, 78, 0, 28],
        [47, 47, 51, 67, 28, 0]
    ]
    return distance_matrix, cost_matrix